
NUMPOLLIES 36

// Floor Main

-11.0  0.0 -11.0 0.0 22.0
-11.0  0.0  11.0 0.0 0.0
 11.0  0.0  11.0 22.0 0.0

-11.0  0.0 -11.0 0.0 22.0
 11.0  0.0 -11.0 22.0 22.0
 11.0  0.0  11.0 22.0 0.0

// Ceiling Main

-2.0  2.0 -2.0 0.0 4.0
-2.0  2.0  2.0 0.0 0.0
 2.0  2.0  2.0 4.0 0.0
-2.0  2.0 -2.0 0.0 4.0
 2.0  2.0 -2.0 4.0 4.0
 2.0  2.0  2.0 4.0 0.0

// A1

-2.0  2.0  -2.0 0.0 2.0
-2.0  0.0  -2.0 0.0 0.0
-1.0  0.0  -2.0 1.0 0.0
-2.0  2.0  -2.0 0.0 2.0
-1.0  2.0  -2.0 1.0 2.0
-1.0  0.0  -2.0 1.0 0.0

// A1.5 p

-1.0  2.0  -2.0 0.0 1.0
-1.0  1.0  -2.0 0.0 0.0
 0.0  1.0  -2.0 1.0 0.0
-1.0  2.0  -2.0 0.0 1.0
 0.0  2.0  -2.0 1.0 1.0
 0.0  1.0  -2.0 1.0 0.0

// A2

 2.0  2.0  -2.0 2.0 2.0
 2.0  0.0  -2.0 2.0 0.0
 0.0  0.0  -2.0 0.0 0.0
 2.0  2.0  -2.0 2.0 2.0
 0.0  2.0  -2.0 0.0 2.0
 0.0  0.0  -2.0 0.0 0.0

// B1

-2.0  2.0  2.0 2.0 2.0
-2.0  0.0  2.0 2.0 0.0
 0.0  0.0  2.0 0.0 0.0
-2.0  2.0  2.0 2.0 2.0
 0.0  2.0  2.0 0.0 2.0
 0.0  0.0  2.0 0.0 0.0

// B1.5

 0.0  2.0  2.0 0.0 1.0
 0.0  1.0  2.0 0.0 0.0
 1.0  1.0  2.0 1.0 0.0
 0.0  2.0  2.0 0.0 1.0
 1.0  2.0  2.0 1.0 1.0
 1.0  1.0  2.0 1.0 0.0

// B2

 2.0  2.0  2.0 2.0 2.0
 2.0  0.0  2.0 2.0 0.0
 1.0  0.0  2.0 1.0 0.0
 2.0  2.0  2.0 2.0 2.0
 1.0  2.0  2.0 1.0 2.0
 1.0  0.0  2.0 1.0 0.0

// C1

-2.0  2.0  -2.0 0.0 2.0
-2.0  0.0  -2.0 0.0 0.0
-2.0  0.0   2.0 4.0 0.0
-2.0  2.0  -2.0 0.0 2.0
-2.0  2.0   2.0 4.0 2.0
-2.0  0.0   2.0 4.0 0.0


// D1

2.0  2.0  -2.0 0.0 2.0
2.0  0.0  -2.0 0.0 0.0
2.0  0.0  -1.0 1.0 0.0
2.0  2.0  -2.0 0.0 2.0
2.0  2.0  -1.0 1.0 2.0
2.0  0.0  -1.0 1.0 0.0

// D1.5

2.0 2.0 -1.0 0.0 1.0
2.0 1.0 -1.0 0.0 0.0
2.0 1.0  1.0 2.0 0.0
2.0 2.0 -1.0 0.0 1.0
2.0 2.0  1.0 2.0 1.0
2.0 1.0  1.0 2.0 0.0

// D2

2.0  2.0  2.0 2.0 2.0
2.0  0.0   2.0 2.0 0.0
2.0  0.0   1.0 1.0 0.0
2.0  2.0  2.0 2.0 2.0
2.0  2.0  1.0 1.0 2.0
2.0  0.0   1.0 1.0 0.0

// Upper hallway - L
-1.0  1.0  -3.0 0.0 1.0
-1.0  0.0  -3.0 0.0 0.0
-1.0  0.0  -2.0 1.0 0.0
-1.0  1.0  -3.0 0.0 1.0
-1.0  1.0  -2.0 1.0 1.0
-1.0  0.0  -2.0 1.0 0.0

// Upper hallway - R
0.0  1.0  -3.0 0.0 1.0
0.0  0.0  -3.0 0.0 0.0
0.0  0.0  -2.0 1.0 0.0
0.0  1.0  -3.0 0.0 1.0
0.0  1.0  -2.0 1.0 1.0
0.0  0.0  -2.0 1.0 0.0

// Ceiling Upper hallway
-2.0  1.0 -11.0 0.0 9.0
-2.0  1.0 -2.0 0.0 0.0
11.0  1.0 -2.0 9.0 0.0
-2.0  1.0 -11.0 0.0 9.0
11.0  1.0 -11.0 9.0 9.0
10.0  1.0 -2.0 9.0 0.0

// Lower hallway - L
1.0  1.0  4.0 0.0 1.0
1.0  0.0  4.0 0.0 0.0
1.0  0.0  2.0 2.0 0.0
1.0  1.0  4.0 0.0 1.0
1.0  1.0  2.0 2.0 1.0
1.0  0.0  2.0 2.0 0.0

// Lower hallway - R
0.0  1.0  3.0 0.0 1.0
0.0  0.0  3.0 0.0 0.0
0.0  0.0  2.0 1.0 0.0
0.0  1.0  3.0 0.0 1.0
0.0  1.0  2.0 1.0 1.0
0.0  0.0  2.0 1.0 0.0

// Ceiling Lower hallway
11.0  1.0 11.0 0.0 9.0
11.0  1.0 2.0 0.0 0.0
-11.0  1.0 2.0 22.0 0.0
11.0  1.0 11.0 0.0 9.0
-11.0  1.0 11.0 22.0 9.0
-11.0  1.0 2.0 22.0 0.0


// Right hallway - Lw

4.0  1.0  1.0 2.0 1.0
4.0  0.0  1.0 2.0 0.0
2.0  0.0  1.0 0.0 0.0
4.0  1.0  1.0 2.0 1.0
2.0  1.0  1.0 0.0 1.0
2.0  0.0  1.0 0.0 0.0

// Right hallway - Hi

3.0  1.0  -1.0 1.0 1.0
3.0  0.0  -1.0 1.0 0.0
2.0  0.0  -1.0 0.0 0.0
3.0  1.0  -1.0 1.0 1.0
2.0  1.0  -1.0 0.0 1.0
2.0  0.0  -1.0 0.0 0.0

// Ceiling Right hallway
11.0  1.0 -2.0 9.0 0.0
2.0  1.0 -2.0 0.0 0.0
2.0  1.0  2.0 0.0 4.0
11.0  1.0 -2.0 9.0 0.0
11.0  1.0  2.0 9.0 4.0
2.0  1.0  2.0 0.0 4.0

//SEKTOR 1

// K1 up
-2.0  1.0  -3.0 0.0 1.0
-2.0  0.0  -3.0 0.0 0.0
-1.0  0.0  -3.0 1.0 0.0
-2.0  1.0  -3.0 0.0 1.0
-1.0  1.0  -3.0 1.0 1.0
-1.0  0.0  -3.0 1.0 0.0

// K1 left
-2.0  1.0  -3.0 0.0 1.0
-2.0  0.0  -3.0 0.0 0.0
-2.0  0.0  -2.0 1.0 0.0
-2.0  1.0  -3.0 0.0 1.0
-2.0  1.0  -2.0 1.0 1.0
-2.0  0.0  -2.0 1.0 0.0

// K2 down
-2.0  1.0  -7.0 0.0 1.0
-2.0  0.0  -7.0 0.0 0.0
-1.0  0.0  -7.0 1.0 0.0
-2.0  1.0  -7.0 0.0 1.0
-1.0  1.0  -7.0 1.0 1.0
-1.0  0.0  -7.0 1.0 0.0

// K2 up
-2.0  1.0  -9.0 0.0 1.0
-2.0  0.0  -9.0 0.0 0.0
-1.0  0.0  -9.0 1.0 0.0
-2.0  1.0  -9.0 0.0 1.0
-1.0  1.0  -9.0 1.0 1.0
-1.0  0.0  -9.0 1.0 0.0

// K2 right
-1.0  1.0  -9.0 0.0 1.0
-1.0  0.0  -9.0 0.0 0.0
-1.0  0.0  -7.0 2.0 0.0
-1.0  1.0  -9.0 0.0 1.0
-1.0  1.0  -7.0 2.0 1.0
-1.0  0.0  -7.0 2.0 0.0

// K2 left
-2.0  1.0  -9.0 0.0 1.0
-2.0  0.0  -9.0 0.0 0.0
-2.0  0.0  -7.0 2.0 0.0
-2.0  1.0  -9.0 0.0 1.0
-2.0  1.0  -7.0 2.0 1.0
-2.0  0.0  -7.0 2.0 0.0

// K3 up
-4.0  1.0  -9.0 0.0 1.0
-4.0  0.0  -9.0 0.0 0.0
-3.0  0.0  -9.0 1.0 0.0
-4.0  1.0  -9.0 0.0 1.0
-3.0  1.0  -9.0 1.0 1.0
-3.0  0.0  -9.0 1.0 0.0

// K3 down
-4.0  1.0  -8.0 0.0 1.0
-4.0  0.0  -8.0 0.0 0.0
-3.0  0.0  -8.0 1.0 0.0
-4.0  1.0  -8.0 0.0 1.0
-3.0  1.0  -8.0 1.0 1.0
-3.0  0.0  -8.0 1.0 0.0

// K3 left
-4.0  1.0  -9.0 0.0 1.0
-4.0  0.0  -9.0 0.0 0.0
-4.0  0.0  -8.0 1.0 0.0
-4.0  1.0  -9.0 0.0 1.0
-4.0  1.0  -8.0 1.0 1.0
-4.0  0.0  -8.0 1.0 0.0

// K3 right
-3.0  1.0  -9.0 0.0 1.0
-3.0  0.0  -9.0 0.0 0.0
-3.0  0.0  -8.0 1.0 0.0
-3.0  1.0  -9.0 0.0 1.0
-3.0  1.0  -8.0 1.0 1.0
-3.0  0.0  -8.0 1.0 0.0

// K4 up
-6.0  1.0  -2.0 0.0 1.0
-6.0  0.0  -2.0 0.0 0.0
-4.0  0.0  -2.0 2.0 0.0
-6.0  1.0  -2.0 0.0 1.0
-4.0  1.0  -2.0 2.0 1.0
-4.0  0.0  -2.0 2.0 0.0

// K4 down
-6.0  1.0  -1.0 0.0 1.0
-6.0  0.0  -1.0 0.0 0.0
-4.0  0.0  -1.0 2.0 0.0
-6.0  1.0  -1.0 0.0 1.0
-4.0  1.0  -1.0 2.0 1.0
-4.0  0.0  -1.0 2.0 0.0

// K4 right
-4.0  1.0  -2.0 0.0 1.0
-4.0  0.0  -2.0 0.0 0.0
-4.0  0.0  -1.0 1.0 0.0
-4.0  1.0  -2.0 0.0 1.0
-4.0  1.0  -1.0 1.0 1.0
-4.0  0.0  -1.0 1.0 0.0

// K4 left
-6.0  1.0  -2.0 0.0 1.0
-6.0  0.0  -2.0 0.0 0.0
-6.0  0.0  -1.0 1.0 0.0
-6.0  1.0  -2.0 0.0 1.0
-6.0  1.0  -1.0 1.0 1.0
-6.0  0.0  -1.0 1.0 0.0

// K5 down
-7.0  1.0  -9.0 0.0 1.0
-7.0  0.0  -9.0 0.0 0.0
-6.0  0.0  -9.0 1.0 0.0
-7.0  1.0  -9.0 0.0 1.0
-6.0  1.0  -9.0 1.0 1.0
-6.0  0.0  -9.0 1.0 0.0

// K5 up
-7.0  1.0  -11.0 0.0 1.0
-7.0  0.0  -11.0 0.0 0.0
-6.0  0.0  -11.0 1.0 0.0
-7.0  1.0  -11.0 0.0 1.0
-6.0  1.0  -11.0 1.0 1.0
-6.0  0.0  -11.0 1.0 0.0

// K5 right
-6.0  1.0  -11.0 0.0 1.0
-6.0  0.0  -11.0 0.0 0.0
-6.0  0.0   -9.0 2.0 0.0
-6.0  1.0  -11.0 0.0 1.0
-6.0  1.0   -9.0 2.0 1.0
-6.0  0.0   -9.0 2.0 0.0

// k6 up
-7.0  1.0  -6.0 0.0 1.0
-7.0  0.0  -6.0 0.0 0.0
-6.0  0.0  -6.0 1.0 0.0
-7.0  1.0  -6.0 0.0 1.0
-6.0  1.0  -6.0 1.0 1.0
-6.0  0.0  -6.0 1.0 0.0

// k6 down
-7.0  1.0  -5.0 0.0 1.0
-7.0  0.0  -5.0 0.0 0.0
-6.0  0.0  -5.0 1.0 0.0
-7.0  1.0  -5.0 0.0 1.0
-6.0  1.0  -5.0 1.0 1.0
-6.0  0.0  -5.0 1.0 0.0

// k6 right
-6.0  1.0  -6.0 0.0 1.0
-6.0  0.0  -6.0 0.0 0.0
-6.0  0.0  -5.0 1.0 0.0
-6.0  1.0  -6.0 0.0 1.0
-6.0  1.0  -5.0 1.0 1.0
-6.0  0.0  -5.0 1.0 0.0

// K7 up
-8.0  1.0  -2.0 0.0 1.0
-8.0  0.0  -2.0 0.0 0.0
-7.0  0.0  -2.0 1.0 0.0
-8.0  1.0  -2.0 0.0 1.0
-7.0  1.0  -2.0 1.0 1.0
-7.0  0.0  -2.0 1.0 0.0

// K7 down
-8.0  1.0  -1.0 0.0 1.0
-8.0  0.0  -1.0 0.0 0.0
-7.0  0.0  -1.0 1.0 0.0
-8.0  1.0  -1.0 0.0 1.0
-7.0  1.0  -1.0 1.0 1.0
-7.0  0.0  -1.0 1.0 0.0

// K7 right
-7.0  1.0  -2.0 0.0 1.0
-7.0  0.0  -2.0 0.0 0.0
-7.0  0.0  -1.0 1.0 0.0
-7.0  1.0  -2.0 0.0 1.0
-7.0  1.0  -1.0 1.0 1.0
-7.0  0.0  -1.0 1.0 0.0

// K7 left
-8.0  1.0  -2.0 0.0 1.0
-8.0  0.0  -2.0 0.0 0.0
-8.0  0.0  -1.0 1.0 0.0
-8.0  1.0  -2.0 0.0 1.0
-8.0  1.0  -1.0 1.0 1.0
-8.0  0.0  -1.0 1.0 0.0

// w1
-4.0  1.0  -5.0 0.0 1.0
-4.0  0.0  -5.0 0.0 0.0
 2.0  0.0  -5.0 6.0 0.0
-4.0  1.0  -5.0 0.0 1.0
 2.0  1.0  -5.0 6.0 1.0
 2.0  0.0  -5.0 6.0 0.0
 
// w2
-1.0  1.0  -7.0 0.0 1.0
-1.0  0.0  -7.0 0.0 0.0
-1.0  0.0  -5.0 2.0 0.0
-1.0  1.0  -7.0 0.0 1.0
-1.0  1.0  -5.0 2.0 1.0
-1.0  0.0  -5.0 2.0 0.0

// w3
-4.0  1.0  -8.0 0.0 1.0
-4.0  0.0  -8.0 0.0 0.0
-4.0  0.0  -3.0 5.0 0.0
-4.0  1.0  -8.0 0.0 1.0
-4.0  1.0  -3.0 5.0 1.0
-4.0  0.0  -3.0 5.0 0.0

// w4
-5.0  1.0  -3.0 0.0 1.0
-5.0  0.0  -3.0 0.0 0.0
-4.0  0.0  -3.0 1.0 0.0
-5.0  1.0  -3.0 0.0 1.0
-4.0  1.0  -3.0 1.0 1.0
-4.0  0.0  -3.0 1.0 0.0


// w5
-6.0  1.0  -11.0 0.0 1.0
-6.0  0.0  -11.0 0.0 0.0
 3.0  0.0  -11.0 9.0 0.0
-6.0  1.0  -11.0 0.0 1.0
 3.0  1.0  -11.0 9.0 1.0
 3.0  0.0  -11.0 9.0 0.0
 
// w6
-7.0  1.0  -9.0 0.0 1.0
-7.0  0.0  -9.0 0.0 0.0
-7.0  0.0  -2.0 7.0 0.0
-7.0  1.0  -9.0 0.0 1.0
-7.0  1.0  -2.0 7.0 1.0
-7.0  0.0  -2.0 7.0 0.0

// w7
-10.0  1.0  -4.0 0.0 1.0
-10.0  0.0  -4.0 0.0 0.0
 -7.0  0.0  -4.0 3.0 0.0
-10.0  1.0  -4.0 0.0 1.0
 -7.0  1.0  -4.0 3.0 1.0
 -7.0  0.0  -4.0 3.0 0.0
 
// w8
-10.0  1.0  -4.0  0.0 1.0
-10.0  0.0  -4.0  0.0 0.0
-10.0  0.0   9.0 13.0 0.0
-10.0  1.0  -4.0  0.0 1.0
-10.0  1.0   9.0 13.0 1.0
-10.0  0.0   9.0 13.0 0.0

// sektor 3

// k1 up
-9.0  1.0  0.0 0.0 1.0
-9.0  0.0  0.0 0.0 0.0
-6.0  0.0  0.0 3.0 0.0
-9.0  1.0  0.0 0.0 1.0
-6.0  1.0  0.0 3.0 1.0
-6.0  0.0  0.0 3.0 0.0

// k1 down
-9.0  1.0  1.0 0.0 1.0
-9.0  0.0  1.0 0.0 0.0
-6.0  0.0  1.0 3.0 0.0
-9.0  1.0  1.0 0.0 1.0
-6.0  1.0  1.0 3.0 1.0
-6.0  0.0  1.0 3.0 0.0

// k1 left
-9.0  1.0  0.0 0.0 1.0
-9.0  0.0  0.0 0.0 0.0
-9.0  0.0  1.0 1.0 0.0
-9.0  1.0  0.0 0.0 1.0
-9.0  1.0  1.0 1.0 1.0
-9.0  0.0  1.0 1.0 0.0

// k1 right
-6.0  1.0  0.0 0.0 1.0
-6.0  0.0  0.0 0.0 0.0
-6.0  0.0  1.0 1.0 0.0
-6.0  1.0  0.0 0.0 1.0
-6.0  1.0  1.0 1.0 1.0
-6.0  0.0  1.0 1.0 0.0

// k2 up
-5.0  1.0  0.0 0.0 1.0
-5.0  0.0  0.0 0.0 0.0
-4.0  0.0  0.0 1.0 0.0
-5.0  1.0  0.0 0.0 1.0
-4.0  1.0  0.0 1.0 1.0
-4.0  0.0  0.0 1.0 0.0

// k2 down
-5.0  1.0  1.0 0.0 1.0
-5.0  0.0  1.0 0.0 0.0
-4.0  0.0  1.0 1.0 0.0
-5.0  1.0  1.0 0.0 1.0
-4.0  1.0  1.0 1.0 1.0
-4.0  0.0  1.0 1.0 0.0

// k2 left
-5.0  1.0  0.0 0.0 1.0
-5.0  0.0  0.0 0.0 0.0
-5.0  0.0  1.0 1.0 0.0
-5.0  1.0  0.0 0.0 1.0
-5.0  1.0  1.0 1.0 1.0
-5.0  0.0  1.0 1.0 0.0

// k2 right
-4.0  1.0  0.0 0.0 1.0
-4.0  0.0  0.0 0.0 0.0
-4.0  0.0  1.0 1.0 0.0
-4.0  1.0  0.0 0.0 1.0
-4.0  1.0  1.0 1.0 1.0
-4.0  0.0  1.0 1.0 0.0

// k3 up
-5.0  1.0  2.0 0.0 1.0
-5.0  0.0  2.0 0.0 0.0
-4.0  0.0  2.0 1.0 0.0
-5.0  1.0  2.0 0.0 1.0
-4.0  1.0  2.0 1.0 1.0
-4.0  0.0  2.0 1.0 0.0

// k3 left
-5.0  1.0  2.0 0.0 1.0
-5.0  0.0  2.0 0.0 0.0
-5.0  0.0  4.0 2.0 0.0
-5.0  1.0  2.0 0.0 1.0
-5.0  1.0  4.0 2.0 1.0
-5.0  0.0  4.0 2.0 0.0

// k4 down
-9.0  1.0  7.0 0.0 1.0
-9.0  0.0  7.0 0.0 0.0
-8.0  0.0  7.0 1.0 0.0
-9.0  1.0  7.0 0.0 1.0
-8.0  1.0  7.0 1.0 1.0
-8.0  0.0  7.0 1.0 0.0

// k4 left
-9.0  1.0  6.0 0.0 1.0
-9.0  0.0  6.0 0.0 0.0
-9.0  0.0  7.0 1.0 0.0
-9.0  1.0  6.0 0.0 1.0
-9.0  1.0  7.0 1.0 1.0
-9.0  0.0  7.0 1.0 0.0

// k4 right
-8.0  1.0  6.0 0.0 1.0
-8.0  0.0  6.0 0.0 0.0
-8.0  0.0  7.0 1.0 0.0
-8.0  1.0  6.0 0.0 1.0
-8.0  1.0  7.0 1.0 1.0
-8.0  0.0  7.0 1.0 0.0

// k5 up
-5.0  1.0  5.0 0.0 1.0
-5.0  0.0  5.0 0.0 0.0
-4.0  0.0  5.0 1.0 0.0
-5.0  1.0  5.0 0.0 1.0
-4.0  1.0  5.0 1.0 1.0
-4.0  0.0  5.0 1.0 0.0

// k5 down
-5.0  1.0  7.0 0.0 1.0
-5.0  0.0  7.0 0.0 0.0
-4.0  0.0  7.0 1.0 0.0
-5.0  1.0  7.0 0.0 1.0
-4.0  1.0  7.0 1.0 1.0
-4.0  0.0  7.0 1.0 0.0

// k5 left
-5.0  1.0  5.0 0.0 1.0
-5.0  0.0  5.0 0.0 0.0
-5.0  0.0  7.0 2.0 0.0
-5.0  1.0  5.0 0.0 1.0
-5.0  1.0  7.0 2.0 1.0
-5.0  0.0  7.0 2.0 0.0

// k6 down
-1.0  1.0  5.0 0.0 1.0
-1.0  0.0  5.0 0.0 0.0
 0.0  0.0  5.0 1.0 0.0
-1.0  1.0  5.0 0.0 1.0
 0.0  1.0  5.0 1.0 1.0
 0.0  0.0  5.0 1.0 0.0

// k6 left
-1.0  1.0  4.0 0.0 1.0
-1.0  0.0  4.0 0.0 0.0
-1.0  0.0  5.0 1.0 0.0
-1.0  1.0  4.0 0.0 1.0
-1.0  1.0  5.0 1.0 1.0
-1.0  0.0  5.0 1.0 0.0

// k6 right
0.0  1.0  4.0 0.0 1.0
0.0  0.0  4.0 0.0 0.0
0.0  0.0  5.0 1.0 0.0
0.0  1.0  4.0 0.0 1.0
0.0  1.0  5.0 1.0 1.0
0.0  0.0  5.0 1.0 0.0

// w1
-10.0  1.0  2.0 0.0 1.0
-10.0  0.0  2.0 0.0 0.0
 -7.0  0.0  2.0 3.0 0.0
-10.0  1.0  2.0 0.0 1.0
 -7.0  1.0  2.0 3.0 1.0
 -7.0  0.0  2.0 3.0 0.0
 
// w2
-8.0  1.0  4.0 0.0 1.0
-8.0  0.0  4.0 0.0 0.0
-2.0  0.0  4.0 6.0 0.0
-8.0  1.0  4.0 0.0 1.0
-2.0  1.0  4.0 6.0 1.0
-2.0  0.0  4.0 6.0 0.0

// w3
-8.0  1.0  4.0 0.0 1.0
-8.0  0.0  4.0 0.0 0.0
-8.0  0.0  5.0 1.0 0.0
-8.0  1.0  4.0 0.0 1.0
-8.0  1.0  5.0 1.0 1.0
-8.0  0.0  5.0 1.0 0.0

// w4
-4.0  1.0  4.0 0.0 1.0
-4.0  0.0  4.0 0.0 0.0
-4.0  0.0  7.0 3.0 0.0
-4.0  1.0  4.0 0.0 1.0
-4.0  1.0  7.0 3.0 1.0
-4.0  0.0  7.0 3.0 0.0

// w5
-9.0  1.0  6.0 0.0 1.0
-9.0  0.0  6.0 0.0 0.0
-5.0  0.0  6.0 4.0 0.0
-9.0  1.0  6.0 0.0 1.0
-5.0  1.0  6.0 4.0 1.0
-5.0  0.0  6.0 4.0 0.0

// w6
-2.0  1.0  4.0 0.0 1.0
-2.0  0.0  4.0 0.0 0.0
-2.0  0.0  7.0 3.0 0.0
-2.0  1.0  4.0 0.0 1.0
-2.0  1.0  7.0 3.0 1.0
-2.0  0.0  7.0 3.0 0.0

// w8
-10.0 1.0  9.0  0.0 1.0
-10.0 0.0  9.0  0.0 0.0
 7.0  0.0  9.0 17.0 0.0
-10.0 1.0  9.0  0.0 1.0
 7.0  1.0  9.0 17.0 1.0
 7.0  0.0  9.0 17.0 0.0
 
// sektor 4

// k1 down
4.0  1.0  3.0 3.0 1.0
4.0  0.0  3.0 3.0 0.0
1.0  0.0  3.0 0.0 0.0
4.0  1.0  3.0 3.0 1.0
1.0  1.0  3.0 0.0 1.0
1.0  0.0  3.0 0.0 0.0

// k1 right1
4.0  1.0  1.0 0.0 1.0
4.0  0.0  1.0 0.0 0.0
4.0  0.0  2.0 1.0 0.0
4.0  1.0  1.0 0.0 1.0
4.0  1.0  2.0 1.0 1.0
4.0  0.0  2.0 1.0 0.0

// k1 right2
5.0  1.0  2.0 0.0 1.0
5.0  0.0  2.0 0.0 0.0
5.0  0.0  4.0 2.0 0.0
5.0  1.0  2.0 0.0 1.0
5.0  1.0  4.0 2.0 1.0
5.0  0.0  4.0 2.0 0.0

// k1 up
4.0  1.0  2.0 0.0 1.0
4.0  0.0  2.0 0.0 0.0
5.0  0.0  2.0 1.0 0.0
4.0  1.0  2.0 0.0 1.0
5.0  1.0  2.0 1.0 1.0
5.0  0.0  2.0 1.0 0.0

// k2 down
4.0  1.0  4.0 0.0 1.0
4.0  0.0  4.0 0.0 0.0
5.0  0.0  4.0 1.0 0.0
4.0  1.0  4.0 0.0 1.0
5.0  1.0  4.0 1.0 1.0
5.0  0.0  4.0 1.0 0.0

// k2 left
4.0  1.0  3.0 0.0 1.0
4.0  0.0  3.0 0.0 0.0
4.0  0.0  4.0 1.0 0.0
4.0  1.0  3.0 0.0 1.0
4.0  1.0  4.0 1.0 1.0
4.0  0.0  4.0 1.0 0.0

// w1
-1.0  1.0  4.0 0.0 1.0
-1.0  0.0  4.0 0.0 0.0
 1.0  0.0  4.0 1.0 0.0
-1.0  1.0  4.0 0.0 1.0
 1.0  1.0  4.0 1.0 1.0
 1.0  0.0  4.0 1.0 0.0
 
// k3 down
 3.0  1.0  8.0 4.0 1.0
 3.0  0.0  8.0 4.0 0.0
-1.0  0.0  8.0 0.0 0.0
 3.0  1.0  8.0 4.0 1.0
-1.0  1.0  8.0 0.0 1.0
-1.0  0.0  8.0 0.0 0.0

// k3 up1
2.0  1.0  7.0 2.0 1.0
2.0  0.0  7.0 2.0 0.0
0.0  0.0  7.0 0.0 0.0
2.0  1.0  7.0 2.0 1.0
0.0  1.0  7.0 0.0 1.0
0.0  0.0  7.0 0.0 0.0
 
// k3 up2
3.0  1.0  6.0 1.0 1.0
3.0  0.0  6.0 1.0 0.0
2.0  0.0  6.0 0.0 0.0
3.0  1.0  6.0 1.0 1.0
2.0  1.0  6.0 0.0 1.0
2.0  0.0  6.0 0.0 0.0
 
// k3 left
0.0  1.0  7.0 0.0 1.0
0.0  0.0  7.0 0.0 0.0
0.0  0.0  8.0 1.0 0.0
0.0  1.0  7.0 0.0 1.0
0.0  1.0  8.0 1.0 1.0
0.0  0.0  8.0 1.0 0.0

// k3 left1
2.0  1.0  6.0 0.0 1.0
2.0  0.0  6.0 0.0 0.0
2.0  0.0  7.0 1.0 0.0
2.0  1.0  6.0 0.0 1.0
2.0  1.0  7.0 1.0 1.0
2.0  0.0  7.0 1.0 0.0

// k3 right
3.0  1.0  6.0 0.0 1.0
3.0  0.0  6.0 0.0 0.0
3.0  0.0  8.0 2.0 0.0
3.0  1.0  6.0 0.0 1.0
3.0  1.0  8.0 2.0 1.0
3.0  0.0  8.0 2.0 0.0

// k4 left
6.0  1.0  8.0 0.0 1.0
6.0  0.0  8.0 0.0 0.0
6.0  0.0  9.0 1.0 0.0
6.0  1.0  8.0 0.0 1.0
6.0  1.0  9.0 1.0 1.0
6.0  0.0  9.0 1.0 0.0

// k4 up
7.0  1.0  8.0 1.0 1.0
7.0  0.0  8.0 1.0 0.0
6.0  0.0  8.0 0.0 0.0
7.0  1.0  8.0 1.0 1.0
6.0  1.0  8.0 0.0 1.0
6.0  0.0  8.0 0.0 0.0

// w3
7.0  1.0  5.0 0.0 1.0
7.0  0.0  5.0 0.0 0.0
7.0  0.0  9.0 4.0 0.0
7.0  1.0  5.0 0.0 1.0
7.0  1.0  9.0 4.0 1.0
7.0  0.0  9.0 4.0 0.0

// w5
9.0  1.0  2.0 0.0 1.0
9.0  0.0  2.0 0.0 0.0
9.0  0.0  5.0 3.0 0.0
9.0  1.0  2.0 0.0 1.0
9.0  1.0  5.0 3.0 1.0
9.0  0.0  5.0 3.0 0.0

// w8
6.0  1.0  3.0 0.0 1.0
6.0  0.0  3.0 0.0 0.0
6.0  0.0 -1.0 4.0 0.0
6.0  1.0  3.0 0.0 1.0
6.0  1.0 -1.0 4.0 1.0
6.0  0.0 -1.0 4.0 0.0

// w7
10.0  1.0  -9.0 0.0 1.0
10.0  0.0  -9.0 0.0 0.0
10.0  0.0   2.0 13.0 0.0
10.0  1.0  -9.0 0.0 1.0
10.0  1.0   2.0 13.0 1.0
10.0  0.0   2.0 13.0 0.0

// w2
7.0  1.0  6.0 3.0 1.0
7.0  0.0  6.0 3.0 0.0
4.0  0.0  6.0 0.0 0.0
7.0  1.0  6.0 3.0 1.0
4.0  1.0  6.0 0.0 1.0
4.0  0.0  6.0 0.0 0.0

// w4
9.0  1.0  5.0 2.0 1.0
9.0  0.0  5.0 2.0 0.0
7.0  0.0  5.0 0.0 0.0
9.0  1.0  5.0 2.0 1.0
7.0  1.0  5.0 0.0 1.0
7.0  0.0  5.0 0.0 0.0

// w6
10.0  1.0  2.0 1.0 1.0
10.0  0.0  2.0 1.0 0.0
 9.0  0.0  2.0 0.0 0.0
10.0  1.0  2.0 1.0 1.0
 9.0  1.0  2.0 0.0 1.0
 9.0  0.0  2.0 0.0 0.0
 
 
// sektor 2

// w1
6.0 1.0 -1.0 2.0 1.0
6.0 0.0 -1.0 2.0 0.0
8.0 0.0 -1.0 0.0 0.0
6.0 1.0 -1.0 2.0 1.0
8.0 1.0 -1.0 0.0 1.0
8.0 0.0 -1.0 0.0 0.0

// k4 down
6.0 1.0 -3.0 2.0 1.0
6.0 0.0 -3.0 2.0 0.0
8.0 0.0 -3.0 0.0 0.0
6.0 1.0 -3.0 2.0 1.0
8.0 1.0 -3.0 0.0 1.0
8.0 0.0 -3.0 0.0 0.0

// k1 up
3.0  1.0 -3.0 3.0 1.0
3.0  0.0 -3.0 3.0 0.0
0.0  0.0 -3.0 0.0 0.0
3.0  1.0 -3.0 3.0 1.0
0.0  1.0 -3.0 0.0 1.0
0.0  0.0 -3.0 0.0 0.0

// k2 down
6.0  1.0 -5.0 3.0 1.0
6.0  0.0 -5.0 3.0 0.0
3.0  0.0 -5.0 0.0 0.0
6.0  1.0 -5.0 3.0 1.0
3.0  1.0 -5.0 0.0 1.0
3.0  0.0 -5.0 0.0 0.0

// w2
10.0 1.0 -9.0 7.0 1.0
10.0 0.0 -9.0 7.0 0.0
3.0  0.0 -9.0 0.0 0.0
10.0 1.0 -9.0 7.0 1.0
3.0  1.0 -9.0 0.0 1.0
3.0  0.0 -9.0 0.0 0.0

// k5 down
7.0 1.0 -8.0 1.0 1.0
7.0 0.0 -8.0 1.0 0.0
8.0 0.0 -8.0 0.0 0.0
7.0 1.0 -8.0 1.0 1.0
8.0 1.0 -8.0 0.0 1.0
8.0 0.0 -8.0 0.0 0.0

// k4 up1
7.0 1.0 -6.0 1.0 1.0
7.0 0.0 -6.0 1.0 0.0
6.0 0.0 -6.0 0.0 0.0
7.0 1.0 -6.0 1.0 1.0
6.0 1.0 -6.0 0.0 1.0
6.0 0.0 -6.0 0.0 0.0

// k4 up2
8.0 1.0 -4.0 1.0 1.0
8.0 0.0 -4.0 1.0 0.0
7.0 0.0 -4.0 0.0 0.0
8.0 1.0 -4.0 1.0 1.0
7.0 1.0 -4.0 0.0 1.0
7.0 0.0 -4.0 0.0 0.0

// k3 down
6.0 1.0 -4.0 1.0 1.0
6.0 0.0 -4.0 1.0 0.0
5.0 0.0 -4.0 0.0 0.0
6.0 1.0 -4.0 1.0 1.0
5.0 1.0 -4.0 0.0 1.0
5.0 0.0 -4.0 0.0 0.0

// k2 up
4.0 1.0 -6.0 1.0 1.0
4.0 0.0 -6.0 1.0 0.0
3.0 0.0 -6.0 0.0 0.0
4.0 1.0 -6.0 1.0 1.0
3.0 1.0 -6.0 0.0 1.0
3.0 0.0 -6.0 0.0 0.0

// w7
2.0 1.0 -6.0 1.0 1.0
2.0 0.0 -6.0 1.0 0.0
1.0 0.0 -6.0 0.0 0.0
2.0 1.0 -6.0 1.0 1.0
1.0 1.0 -6.0 0.0 1.0
1.0 0.0 -6.0 0.0 0.0

// w4
1.0 1.0 -8.0 1.0 1.0
1.0 0.0 -8.0 1.0 0.0
0.0 0.0 -8.0 0.0 0.0
1.0 1.0 -8.0 1.0 1.0
0.0 1.0 -8.0 0.0 1.0
0.0 0.0 -8.0 0.0 0.0

// k1 right
3.0  1.0  -3.0 0.0 1.0
3.0  0.0  -3.0 0.0 0.0
3.0  0.0  -1.0 2.0 0.0
3.0  1.0  -3.0 0.0 1.0
3.0  1.0  -1.0 2.0 1.0
3.0  0.0  -1.0 2.0 0.0

// w3
3.0  1.0  -11.0 0.0 1.0
3.0  0.0  -11.0 0.0 0.0
3.0  0.0  -9.0 2.0 0.0
3.0  1.0  -11.0 0.0 1.0
3.0  1.0  -9.0 2.0 1.0
3.0  0.0  -9.0 2.0 0.0

// k4 right
7.0  1.0  -6.0 0.0 1.0
7.0  0.0  -6.0 0.0 0.0
7.0  0.0  -4.0 2.0 0.0
7.0  1.0  -6.0 0.0 1.0
7.0  1.0  -4.0 2.0 1.0
7.0  0.0  -4.0 2.0 0.0

// k4 right1
8.0  1.0  -4.0 0.0 1.0
8.0  0.0  -4.0 0.0 0.0
8.0  0.0  -3.0 1.0 0.0
8.0  1.0  -4.0 0.0 1.0
8.0  1.0  -3.0 1.0 1.0
8.0  0.0  -3.0 1.0 0.0

// k4 left
6.0  1.0  -6.0 0.0 1.0
6.0  0.0  -6.0 0.0 0.0
6.0  0.0  -3.0 3.0 0.0
6.0  1.0  -6.0 0.0 1.0
6.0  1.0  -3.0 3.0 1.0
6.0  0.0  -3.0 3.0 0.0

// k5 right
8.0  1.0  -9.0 0.0 1.0
8.0  0.0  -9.0 0.0 0.0
8.0  0.0  -8.0 1.0 0.0
8.0  1.0  -9.0 0.0 1.0
8.0  1.0  -8.0 1.0 1.0
8.0  0.0  -8.0 1.0 0.0

// k5 left
7.0  1.0  -9.0 0.0 1.0
7.0  0.0  -9.0 0.0 0.0
7.0  0.0  -8.0 1.0 0.0
7.0  1.0  -9.0 0.0 1.0
7.0  1.0  -8.0 1.0 1.0
7.0  0.0  -8.0 1.0 0.0

// k2 left
4.0  1.0  -6.0 0.0 1.0
4.0  0.0  -6.0 0.0 0.0
4.0  0.0  -5.0 1.0 0.0
4.0  1.0  -6.0 0.0 1.0
4.0  1.0  -5.0 1.0 1.0
4.0  0.0  -5.0 1.0 0.0

// k2 right
3.0  1.0  -6.0 0.0 1.0
3.0  0.0  -6.0 0.0 0.0
3.0  0.0  -5.0 1.0 0.0
3.0  1.0  -6.0 0.0 1.0
3.0  1.0  -5.0 1.0 1.0
3.0  0.0  -5.0 1.0 0.0

// w6
2.0  1.0  -6.0 0.0 1.0
2.0  0.0  -6.0 0.0 0.0
2.0  0.0  -5.0 1.0 0.0
2.0  1.0  -6.0 0.0 1.0
2.0  1.0  -5.0 1.0 1.0
2.0  0.0  -5.0 1.0 0.0

// w5
1.0  1.0  -8.0 0.0 1.0
1.0  0.0  -8.0 0.0 0.0
1.0  0.0  -6.0 2.0 0.0
1.0  1.0  -8.0 0.0 1.0
1.0  1.0  -6.0 2.0 1.0
1.0  0.0  -6.0 2.0 0.0

// k3 left
5.0  1.0  -5.0 0.0 1.0
5.0  0.0  -5.0 0.0 0.0
5.0  0.0  -4.0 1.0 0.0
5.0  1.0  -5.0 0.0 1.0
5.0  1.0  -4.0 1.0 1.0
5.0  0.0  -4.0 1.0 0.0

// Ceiling S1
-2.0  1.0 2.0  0.0 9.0
-2.0  1.0 -11.0 0.0 0.0
-11.0 1.0 -11.0 9.0 0.0
-2.0  1.0 2.0  0.0 9.0
-11.0 1.0 2.0  9.0 9.0
-11.0 1.0 -11.0 9.0 0.0
